0.025442
0.197687
0.258685
0.490159
0.578209
0.746712
0.939569
0.950227
1.052562
1.067143
1.076077
1.197234
1.418912
1.497324
1.507347
1.523741
1.891270
2.139705
2.367732
2.425329
2.539365
2.603152
2.610703
2.663379
2.696531
2.756599
2.760227
2.950363
3.073061
3.128866
3.403855
3.827279
3.937098
3.972290
4.003787
4.035850
4.071156
4.103424
4.112925
4.266984
4.306916
4.410544
4.960680
4.965057
4.971451
5.238866
5.330091
5.371315
5.380726
5.416644
5.442880
5.452404
5.731791
5.950317
6.090544
6.097755
6.168005
6.498707
6.565896
6.641859
6.673946
6.720658
6.729070
6.774898
6.795034
6.864376
6.903946
7.051270
7.154104
7.263424
7.276281
7.280635
7.351020
7.778821
7.953424
7.992177
8.069864
8.088435
8.094626
8.288934
8.313810
8.327687
8.393492
8.401723
8.668186
8.734966
8.838617
8.909138
8.927460
9.131905
9.342200
9.425057
9.571383
9.689977
9.856939
10.442630
10.590816
10.681020
10.727279
10.735261
10.909728
10.964966
11.045420
11.283379
11.447392
11.473220
11.562562
11.683129
11.919206
11.966599
11.973401
12.059592
12.280975
12.426961
12.461338
12.535102
12.701950
12.754218
12.947868
13.085533
13.209161
13.247619
13.260204
13.292200
13.640952
13.865510
13.891315
14.042268
14.203560
14.319161
14.600272
14.626145
14.890794
15.137347
15.141179
15.410703
15.670068
15.747846
15.926531
16.115601
16.209161
16.378912
16.486961
16.681882
16.693084
16.837642
17.004263
17.036236
17.407483
17.415646
17.528163
17.652313
17.826032
17.900998
18.215850
18.380385
18.580385
18.609864
18.718231
18.744671
18.791202
18.819342
18.989773
19.028005
19.534444
19.639683
19.808413
19.831610
19.932290
20.074036
20.135646
20.153810
20.180249
20.536848
20.544807
20.607664
20.636644
20.745057
20.812653
20.840340
20.908617
20.996712
21.246893
21.323651
21.376553
21.500748
21.543152
21.712721
21.764286
21.793741
21.861610
21.901655
21.930454
22.108141
22.213628
22.350385
22.380204
22.385261
22.530204
22.539365
22.557211
22.570952
22.930045
23.187075
23.271542
23.388118
23.436100
23.561111
23.761927
23.770907
23.779773
23.891224
24.012562
24.030295
24.049887
24.066553
24.084286
24.427732
24.534444
24.764762
24.771202
24.931111
24.953537
24.993696
25.136122
25.173039
25.192494
25.219320
25.369048
25.392721
25.500998
25.753696
25.936825
26.206100
26.215601
26.302653
26.716553
26.871905
26.898957
27.187438
27.410317
27.485374
27.542041
27.707347
28.096576
28.115170
28.168730
28.260000
28.370045
28.395646
28.488912
28.801565
28.821859
28.837664
28.859909
28.893039
29.066304
29.176576
29.667075
29.825873
29.899932
30.052222
30.196780
30.216077
30.268481
30.289773
30.388458
30.479229
30.885034
31.009206
31.049932
31.090635
31.095805
31.107279
31.145918
31.213855
31.250385
31.443016
31.591134
31.645918
31.692540
31.740726
31.780567
31.814399
31.846667
31.879569
32.012971
32.101678
32.185079
32.232268
32.274943
32.332540
32.459297
32.599388
32.708662
32.719274
32.724717
33.257937
33.459048
33.550385
33.668209
33.803946
34.013379
34.081859
34.113401
34.217460
34.437324
34.520340
34.544195
34.581565
34.701723
35.089501
35.308118
35.366939
35.891474
35.927868
35.977732
36.035306
36.319410
36.533900
36.958617
37.133855
37.255442
37.349660
37.354444
37.414580
37.481134
37.793787
38.017075
38.126032
38.309841
38.353923
38.509365
38.537211
38.557460
38.642812
38.648277
38.898526
39.001769
39.170045
39.335828
39.726145
39.735986
39.778299
39.862993
39.978934
40.026417
40.061995
40.136054
40.268549
40.384603
40.580431
40.678889
40.701338
40.704422
40.706281
40.845918
40.860227
40.993379
41.131451
41.246871
41.261587
41.375828
41.390998
41.393991
41.498662
41.579048
41.662925
41.945714
41.962336
42.008095
42.021723
42.027120
42.171723
42.206485
42.234150
42.311701
42.515850
42.551156
42.604558
42.635238
42.708912
42.735510
42.777596
42.946757
43.297098
43.738594
43.781995
43.944943
44.094082
44.182789
44.214626
44.238594
44.308730
44.373311
44.405646
44.585261
44.711587
44.816190
44.863787
44.878798
44.952358
45.006735
45.123719
45.315057
45.428821
45.811927
45.835011
45.925079
45.958685
46.001383
46.277574
46.804739
46.923356
47.378073
47.504354
47.560045
47.570317
47.601542
47.651655
47.716236
47.833084
47.875941
48.370227
48.411769
48.501519
48.838073
49.002041
49.053379
49.108617
49.136395
49.178254
49.203946
49.216281
49.471995
49.722880
49.794875
49.990794
50.057370
50.072426
50.128367
50.460045
50.475510
50.544150
50.599138
50.688844
50.727891
50.779660
50.813311
51.048934
51.082245
51.092721
51.250726
51.320658
51.439048
51.635896
51.730476
51.823152
51.939977
52.020340
52.027143
52.201610
52.207914
52.252336
52.294989
52.323537
52.395057
52.439025
52.592812
52.648231
52.809433
52.888413
53.221791
53.228050
53.249796
53.385601
53.394830
53.610680
53.620794
53.632744
53.729524
53.756077
54.106780
54.135465
54.278005
54.347642
54.451429
54.525442
54.672494
54.683492
54.779093
54.828050
55.071247
55.190272
55.334240
55.492789
55.691179
55.847642
56.020952
56.180113
56.322381
56.510635
56.668005
56.780363
56.816145
56.935714
57.012018
57.215306
57.234331
57.429705
57.476757
57.571406
57.760930
57.823107
58.334649
58.395601
58.477120
59.009864
59.353787
59.381043
59.543333
59.567120
59.595306
59.632041
59.738821
59.894694
59.954422
59.973810
59.996531
60.098413
60.121383
60.156621
60.161995
60.169887
60.270476
60.336372
60.615760
60.633583
60.664694
60.730726
60.884195
60.904444
61.321179
61.585465
61.819546
61.955034
62.135011
62.153605
62.158776
62.192313
62.632222
62.727800
62.737029
63.087347
63.118277
63.163787
63.262449
63.455986
63.491519
63.766122
63.904853
63.909274
64.123719
64.155510
64.205488
64.564898
64.576100
64.893333
64.898662
65.080249
65.226531
65.404853
65.422925
65.542789
65.610907
65.684059
65.879252
65.999320
66.335828
66.341519
66.427370
66.651678
66.785215
66.844331
66.865828
66.884331
66.999093
67.052313
67.057982
67.074104
67.188571
67.491927
67.523605
67.744444
67.768073
67.828571
67.863696
67.923333
68.017914
68.067687
68.073560
68.156485
68.194331
68.441587
68.508435
68.586077
68.813855
68.956463
69.062313
69.129796
69.208209
69.256712
69.511769
69.527007
69.581406
69.768186
69.944308
69.954399
70.235374
70.252313
71.008367
71.129909
71.153810
71.240748
71.336168
71.384717
71.505646
71.542517
71.803039
71.843311
72.098730
72.221519
72.431678
72.469365
72.773537
72.818163
72.867778
72.956485
72.959683
73.044989
73.065488
73.110340
73.131134
73.289342
73.470454
73.516190
73.524649
73.591769
73.647959
73.939048
74.048934
74.082540
74.132902
74.474036
74.541270
74.595964
74.600522
74.723946
74.738844
74.935442
74.989388
75.322290
75.473243
76.178163
76.269773
76.457438
76.751701
76.832268
76.933039
76.965737
77.237506
77.362472
77.459161
77.780159
77.816916
77.956032
78.232608
78.242132
78.288481
78.360385
78.504059
78.540703
78.782109
78.786213
79.005011
79.273401
79.325964
79.376032
79.471927
79.498277
79.514739
79.557710
79.611383
79.620363
79.629932
79.673039
80.135442
80.683787
80.718844
80.788163
80.817234
80.944172
80.949751
80.963175
81.043605
81.241293
81.369070
81.826531
81.863492
82.080385
82.185329
82.282766
82.373447
82.398776
82.980249
83.187528
83.395329
83.435510
83.726825
83.747642
83.871746
83.885714
83.990794
84.114195
84.145510
84.214399
84.245034
84.341474
84.356440
84.508776
84.565057
84.574762
84.687188
85.001338
85.181791
85.237211
85.244558
85.282132
85.361497
85.576939
85.585420
85.673855
85.847007
85.982744
86.062494
86.336939
86.547687
86.567211
86.613741
86.769206
86.813764
86.832041
86.886825
86.947460
86.980340
87.831293
88.029297
88.173764
88.315238
88.367098
88.462993
88.517619
88.626712
88.631587
88.820567
88.838934
88.898209
88.903515
88.914785
89.049274
89.091837
89.166463
89.188707
89.243197
89.317143
89.331701
89.529320
89.561202
89.645714
89.731497
90.351859
90.489161
90.586304
90.609320
90.638798
90.890816
90.904490
91.072834
91.150612
91.190431
91.279864
91.316848
91.374830
91.448458
91.485986
91.525850
91.610181
91.618639
91.702177
91.830884
91.974785
92.006576
92.452608
92.863719
93.010522
93.019116
93.088141
93.347778
93.434399
93.553243
93.718095
93.814127
94.074535
94.194014
94.203424
94.454762
94.560181
94.591315
94.671429
94.741927
94.832494
94.990454
95.192154
95.401769
95.410181
95.424626
95.475215
95.510023
95.563832
95.739478
95.803424
95.828231
96.055896
96.188277
96.228435
96.256327
96.280680
96.509683
96.566213
96.745646
96.957460
97.122630
97.165510
97.271247
97.281134
97.323311
97.342381
97.552154
97.575283
97.652902
97.664127
97.826667
98.030317
98.040567
98.153537
98.353696
98.462449
98.470658
98.542517
98.567483
98.631134
98.722925
98.825034
99.003084
99.040363
99.215215
99.279116
99.549410
99.751451
99.783900
99.933651
100.042721
100.223220
100.259229
100.365102
100.382834
100.541111
100.555079
100.592540
100.601610
100.619615
100.887937
100.938980
101.193923
101.288118
101.443311
101.478141
101.513129
101.669093
101.718458
101.756190
101.966667
102.054399
102.212381
102.278458
102.305578
102.333719
102.435646
102.443152
102.589320
102.810522
102.947347
102.982268
103.068685
103.264218
103.284286
103.329615
103.369252
103.585714
103.661497
103.936757
104.022812
104.224263
104.253356
104.357075
104.414218
104.545556
104.612018
104.643628
104.655556
104.728299
104.817279
104.978707
105.011111
105.037506
105.168866
105.198299
105.346077
105.493379
105.550227
105.591088
105.707528
105.732744
105.764263
105.768231
105.974649
106.197800
106.239955
106.261224
106.277098
106.322993
106.433628
106.547438
106.561814
107.184308
107.231882
107.251995
107.324467
107.412834
107.426984
107.576032
107.603152
107.634127
107.669705
107.867302
108.111066
108.137166
108.180680
108.240000
108.302109
108.354807
108.394853
108.439297
108.614989
108.689841
108.696372
108.710952
108.898367
108.903855
109.031610
109.171111
109.214082
109.345760
109.366893
109.407052
109.721293
109.848413
109.987891
110.160544
110.170635
110.333424
110.715170
110.871655
110.948776
110.958549
111.080317
111.301791
111.437211
111.550884
111.631338
111.649048
111.698730
111.785351
111.966508
112.106463
112.651746
112.658299
112.694785
112.762404
112.862562
112.916168
112.952948
112.975533
112.994558
113.116190
113.354807
113.368753
113.455556
113.543061
113.751497
113.795397
114.010113
114.096213
114.107460
114.302721
114.528980
114.571315
114.725624
114.978730
115.026531
115.144331
115.209320
115.254966
115.303991
115.502517
115.528866
115.576735
115.596825
115.650204
115.668980
115.856145
116.032494
116.054853
116.166485
116.509138
116.574422
116.629955
116.707279
116.864717
117.032086
117.541927
117.564989
117.775578
118.198254
118.226100
118.300476
118.388957
118.476327
118.537778
118.615238
118.757619
118.980068
119.154626
119.189977
119.330476
119.336848
119.344558
119.738594
119.756599
119.799388
119.822698
119.862132
119.891610
119.963741
120.060045
120.170884
120.334671
120.366712
120.410499
120.447438
120.577732
120.694308
120.714376
120.805283
120.892902
120.995215
120.999864
121.020862
121.117846
121.214082
121.353152
121.473946
121.580794
121.612313
121.720317
121.852948
121.876553
122.046440
122.078571
122.181043
122.342857
122.444036
122.850884
122.906893
122.923152
123.032517
123.038685
123.059002
123.099773
123.142132
123.210952
123.227846
123.317710
123.828322
123.841542
123.987256
124.017279
124.026145
124.290522
124.437166
124.505442
124.543605
124.555465
124.566463
124.694014
124.783469
125.078571
125.178662
125.301451
125.386077
125.447642
125.505215
125.539410
125.555374
125.594218
125.780045
125.828390
125.953243
126.263764
126.343379
126.511701
126.627642
126.824626
126.994558
127.056848
127.079592
127.128503
127.427166
127.434989
127.447596
127.492585
127.599728
127.775714
127.789819
127.847415
127.901610
127.905964
127.954263
127.985556
128.119751
128.135986
128.232200
128.245215
128.523220
128.559274
128.735646
128.789841
128.972766
128.999796
129.095918
129.109297
129.578980
129.619728
129.723696
129.741020
129.813197
129.928481
130.469887
130.813764
130.926848
130.930998
130.934558
130.959751
131.294785
131.332018
131.350295
131.629116
131.721927
131.793469
132.875805
133.087755
133.094603
133.139048
133.166803
133.356644
133.479592
133.496485
133.539569
133.658277
133.682766
133.723129
134.106961
134.118685
134.304286
134.320839
134.600567
134.623991
134.656939
134.673560
135.101973
135.283356
135.334875
135.766689
135.838844
135.973265
136.039116
136.349025
136.571701
136.592812
136.623107
136.835624
136.908798
136.939002
137.195170
137.224785
137.267800
137.391088
137.569864
137.606531
137.799569
137.872290
137.934059
138.097143
138.112562
138.230454
138.293855
138.304626
138.435261
138.491837
138.509751
138.633265
138.736122
138.933515
138.956054
139.126757
139.288118
139.349660
139.572540
139.671361
139.730567
139.943515
140.094671
140.177959
140.260272
140.435964
140.612426
140.861973
140.867211
141.068776
141.162426
141.234875
141.411202
141.553220
141.648481
141.700952
141.727664
141.741565
141.866576
142.373832
142.376712
142.430862
142.629342
142.709320
143.048821
143.333152
143.430839
143.504014
143.733946
143.795238
143.809456
143.966190
144.100522
144.114059
144.122472
144.328980
144.355873
144.728617
144.753628
144.783719
144.809637
144.892426
144.956100
145.018866
145.123832
145.274376
145.354898
145.504104
145.545964
145.656327
145.688639
145.815556
146.233673
146.305578
146.324490
146.358277
146.403311
146.410431
146.553129
146.706576
146.815850
146.896916
147.010567
147.108141
147.127438
147.187846
147.201134
147.363741
147.394717
147.426961
147.437098
147.582608
147.593878
147.687392
147.745896
147.808458
148.001905
148.062834
148.206961
148.224921
148.246599
148.425329
148.524150
148.629569
148.647664
148.667914
148.835986
148.858912
149.062517
149.067778
149.174512
149.195034
149.277664
149.280567
149.336349
149.359932
149.394785
149.454036
149.686871
149.836395
149.891859
150.267574
150.341587
150.605578
150.730771
150.763628
150.827619
151.099161
151.621497
151.687937
151.749864
151.829025
151.867279
151.895193
152.388549
152.427256
152.521338
152.650340
152.911723
152.940907
152.963628
153.009365
153.023878
153.333424
153.515941
154.030975
154.355737
154.385420
154.521134
154.627710
154.749433
154.810748
154.930794
154.955510
154.960476
154.985170
155.237098
155.263719
155.454603
155.470408
155.488367
155.656259
155.708095
155.901950
155.931406
155.963696
156.004059
156.229342
156.245896
156.500794
156.541791
156.605873
156.647188
156.714036
156.784399
156.795351
156.854014
156.978639
156.993424
157.053696
157.523696
157.598662
157.849252
157.939320
158.004354
158.024898
158.151678
158.221995
158.398277
158.530091
158.899932
158.997710
159.034286
159.090522
159.102880
159.178957
159.374082
159.460771
159.611361
159.620181
159.626032
159.850204
159.890567
159.902222
159.971791
160.062404
160.150522
160.155964
160.376689
160.420023
160.490068
160.515896
160.750000
160.863447
160.867483
161.128163
161.325737
161.347211
161.378299
161.518231
161.576848
161.665760
161.694580
161.762494
161.905351
161.923651
162.040091
162.270635
162.334467
162.416961
162.420249
162.584694
162.786100
162.814626
163.026803
163.546939
163.581746
163.599229
163.704286
163.902336
163.910317
164.011474
164.261474
164.417937
164.565351
164.761814
164.817823
164.888277
164.978821
165.068707
165.212562
165.297687
165.470295
165.596281
165.617732
165.859252
165.903900
165.944717
166.008934
166.559025
166.744807
166.803333
166.887574
167.027687
167.513651
167.729161
168.102041
168.107438
168.232971
168.328776
168.357324
168.389456
168.410272
168.680363
168.781088
168.843333
168.873288
169.175397
169.352585
169.389909
169.462177
169.528345
169.613016
169.702290
169.929229
169.948549
170.283152
170.329433
170.363515
170.385238
170.444150
170.458776
170.466848
170.761111
170.811723
170.885873
170.904286
171.014921
171.129615
171.223787
171.414127
171.451837
171.625465
171.666349
171.704717
171.792562
171.920998
172.125556
172.174263
172.243220
172.426304
172.528277
172.560748
172.711927
172.801270
172.940113
173.160544
173.251224
173.456395
173.626236
173.668163
173.717914
173.796961
173.805850
173.915442
174.035918
174.083469
174.237596
174.363288
174.486168
174.564717
174.618980
174.697370
174.705918
174.941610
174.976757
175.044376
175.073424
175.110680
175.241383
175.359229
175.468231
175.479478
175.536939
175.645646
175.696644
175.709796
175.885782
175.905646
175.998707
176.289410
176.395646
176.851066
176.964558
177.258844
177.333878
177.361134
177.634830
177.652063
177.739864
177.821497
177.920658
178.132698
178.290340
178.933197
179.284240
179.336304
179.572313
179.637483
179.694717
179.765556
179.798277
179.843900
179.879252
179.889955
180.179796
180.789320
181.210204
181.296304
181.350295
181.425941
181.617211
181.740454
181.764308
181.982018
182.066508
182.452404
182.559887
182.614921
182.879977
182.892018
183.006213
183.053991
183.176077
183.222109
183.253288
183.448458
183.535125
183.623968
183.649229
183.686440
183.782562
183.794263
184.034331
184.261995
184.281043
184.509955
184.609184
184.766939
184.930159
185.210748
185.252041
185.360000
185.394127
185.704490
185.728299
185.876644
185.900522
185.949002
186.102812
186.281950
186.408186
186.437347
186.543605
186.655442
186.766508
186.874036
186.920680
186.995079
187.085850
187.144422
187.427460
187.606122
187.795533
187.933900
188.010431
188.063469
188.123764
188.161315
188.282608
188.512948
188.797098
188.827347
188.832562
188.839751
189.314717
189.408889
189.726440
189.933696
190.051043
190.116667
190.151519
190.162902
190.365193
190.599410
190.685510
190.796553
190.925737
191.011542
191.193107
191.225782
191.278980
191.340181
191.392222
191.437438
191.452608
191.469592
191.885011
192.210862
192.253764
192.348163
192.584467
192.631746
192.706984
192.778526
192.796644
193.096644
193.154059
193.280385
193.529637
193.617075
193.900023
194.181111
194.423469
194.439410
194.494785
194.536122
194.565397
194.585828
195.002744
195.037370
195.099320
195.160703
195.206621
195.442018
195.459751
195.695918
195.727052
195.759365
195.844286
195.874694
196.081202
196.086825
196.310703
196.419705
196.471429
196.555986
196.602358
196.746213
196.774376
196.822744
197.101474
197.268844
197.895170
197.943605
198.131202
198.215261
198.285261
198.310998
198.328707
198.368163
198.596168
198.653333
198.801655
198.903469
199.039637
199.044626
199.078821
199.143152
199.158299
199.176757
199.245692
199.355986
199.517551
199.533039
199.659297
199.789796
199.845170
199.866576
199.911950
199.942245
200.117937
200.311814
200.317755
200.357755
200.433288
200.484739
200.626599
200.642540
200.684966
200.883220
201.004444
201.218050
201.231519
201.246100
201.432676
201.605828
201.625646
201.655442
201.714943
201.728730
201.785329
201.831293
201.836236
201.903265
201.962698
202.032948
202.310522
202.504376
202.595601
202.778571
202.811859
202.848163
202.876417
202.886372
202.985896
203.203333
203.274875
203.304739
203.379456
203.523424
203.773651
203.842971
203.918571
203.950612
203.985306
204.064172
204.295692
204.426599
204.530159
204.550726
204.833832
204.849592
204.861633
204.878753
204.978254
205.196304
205.387279
205.771361
205.888889
206.110181
206.224059
206.510862
206.698027
206.924036
206.952268
207.132381
207.163197
207.182358
207.185329
207.196644
207.318345
207.356576
207.445215
207.488141
207.499342
207.534422
207.549592
207.557800
207.576145
207.655238
207.805896
208.009909
208.105918
208.279002
208.330612
208.460431
208.573560
208.864671
208.918571
208.937982
209.070748
209.107528
209.161429
209.194195
209.222086
209.312472
209.410522
209.433492
209.479184
209.502018
209.666984
209.831973
209.857483
209.938503
209.941995
209.959728
210.106871
210.163991
210.168481
210.188798
210.199887
210.426599
210.546417
211.063197
211.272902
211.809637
211.862449
211.982200
212.002268
212.038912
212.049297
212.208571
212.358685
212.390454
212.549592
212.724467
212.855533
212.889206
212.965556
213.006531
213.077392
213.137279
213.246531
213.312449
213.444376
213.466531
213.493946
213.690703
213.740567
213.754875
213.758662
213.963537
213.973107
214.038753
214.047800
214.080771
214.113878
214.282132
214.362449
214.377188
214.417710
214.683968
214.736712
214.772721
214.888934
215.081859
215.225692
215.244853
215.259048
215.422381
215.528685
215.796803
215.852834
216.012018
216.316712
216.517166
216.583605
216.620091
216.685465
216.774626
216.969728
217.031633
217.104762
217.156372
217.201565
217.242200
217.486100
217.563741
217.705896
217.752177
217.790068
218.081247
218.158095
218.365420
218.526168
218.746825
218.797755
218.914308
218.918345
219.168753
219.214218
219.242834
219.283878
219.938707
219.982109
220.417370
220.600658
220.618209
220.879977
220.918231
220.955420
221.007098
221.088073
221.222540
221.286440
221.312653
221.346304
221.546304
221.589819
221.672766
221.713560
222.090816
222.310544
222.320068
222.374921
222.648345
222.670431
222.765329
222.896259
223.001610
223.049433
223.198753
223.273537
223.284739
223.353923
223.365329
223.390249
223.408254
223.501633
223.515873
223.553696
223.604014
223.615964
223.676667
223.712472
223.763061
223.945669
224.119342
224.141814
224.210408
224.263968
224.294943
224.336689
224.387846
224.551224
224.619660
224.880363
225.006304
225.197596
225.378549
225.394603
225.484717
225.544263
225.710680
225.743515
225.944308
225.978050
226.072925
226.172925
226.289796
226.384399
226.918730
227.042132
227.081542
227.106576
227.501542
227.641633
227.896259
228.046939
228.056576
228.189728
228.313447
228.447755
228.585147
228.652154
228.693719
228.767188
228.778526
228.792472
229.253311
229.263855
229.326032
229.579546
229.685873
229.756395
229.981111
230.036236
230.090884
230.127642
230.360204
230.689796
230.696689
230.700408
230.805034
230.854127
231.023039
231.211746
231.263175
231.378707
231.546735
231.608413
231.619342
231.653810
232.074512
232.172608
232.381315
232.431429
232.491610
232.509796
232.692948
232.800340
232.919025
233.203152
233.547868
233.706984
233.920794
233.960113
234.270522
234.363946
234.392132
234.529660
234.681769
234.692472
234.823832
234.886848
235.100884
235.210930
235.460794
235.476395
235.481814
235.542177
236.132313
236.137710
236.197483
236.207891
236.401270
236.485533
236.800454
236.813719
236.889025
237.022585
237.200340
237.211701
237.304354
237.428254
237.435193
237.467392
237.574603
237.656463
237.699819
237.904490
237.988322
238.084898
238.124195
238.245896
238.445420
238.490590
238.578549
238.615215
238.635578
238.668753
238.780091
238.880045
238.925624
239.032336
239.238889
239.254240
239.484082
239.678254
239.816213
239.961882
240.120181
240.172676
240.202063
240.216825
240.291723
240.327891
240.630544
240.698095
240.728186
240.811497
240.851202
240.906712
240.989615
241.021610
241.119388
241.409252
241.815420
241.849637
241.999773
242.014218
242.252494
242.289887
242.542313
242.830612
243.068209
243.262744
243.754082
243.847370
244.164649
244.192880
244.354399
244.382902
244.754989
244.767778
244.811837
244.989569
245.277415
245.325737
245.555329
245.569546
245.600930
246.073447
246.148844
246.208073
246.288980
246.398050
246.426009
246.448821
246.767211
246.936825
247.059592
247.328005
247.975079
248.459819
248.643855
248.669206
248.680000
248.706259
248.733356
248.777778
248.923560
249.105510
249.158345
249.203084
249.213810
249.353424
249.424762
249.508912
249.642290
249.936236
250.064512
250.135442
250.204807
250.289342
250.375533
250.436644
250.467574
250.778571
250.784739
251.054717
251.166417
251.229138
251.253900
251.313107
251.419229
251.433175
251.478753
251.631905
251.822313
252.034717
252.057710
252.140590
252.153878
252.202086
252.410454
252.484104
252.488413
252.770544
252.791315
252.798073
253.004422
253.484104
253.571134
253.619864
253.675102
253.682857
253.860204
254.036122
254.058345
254.085420
254.176984
254.356213
254.373991
254.708435
254.894717
255.106054
255.241293
255.522154
255.824354
255.942744
255.954671
256.142132
256.181224
256.222562
256.247256
256.311497
256.397664
256.778912
256.798163
256.834853
256.852154
256.919025
257.029297
257.385102
257.431202
257.478594
257.593061
257.671474
257.702585
257.851587
257.879864
258.055556
258.231814
258.278231
258.442472
258.464490
258.616757
258.649728
258.705986
258.923719
258.966984
259.069728
259.362676
259.626735
260.000635
260.189864
260.245896
260.343968
260.387166
260.417256
260.447029
260.968912
261.012268
261.107188
261.301361
261.857868
261.895737
262.166395
262.195714
262.300363
262.365964
262.429342
262.782018
262.925918
263.162766
263.232766
263.266621
263.351587
263.356735
263.407891
263.457823
263.650816
263.725011
263.740454
263.901202
264.005624
264.220159
264.524898
264.668639
264.715125
264.970363
265.345488
265.439501
265.507370
265.533878
265.581383
265.609569
265.734444
266.078458
266.117778
266.162404
266.240567
266.396236
266.442766
266.455533
266.463787
266.507551
266.518186
266.563832
266.575011
266.709728
266.719546
266.807846
266.964331
266.990567
267.008390
267.050295
267.090204
267.129841
267.137846
267.271882
267.291497
267.301542
267.313900
267.683356
267.809410
267.860590
267.885986
267.934286
268.171361
268.246485
268.312313
268.443356
268.526463
268.541610
268.729138
268.941655
268.949206
268.978231
269.185465
269.417574
269.473356
269.568481
269.765465
269.914014
269.929615
269.979320
270.020068
270.084082
270.141361
270.414195
270.537959
270.544875
270.665510
270.848753
270.897347
270.958730
271.250363
271.276168
271.403719
271.605351
271.654014
271.718367
271.764036
271.991270
272.053764
272.097438
272.105760
272.168889
272.223673
272.924989
273.024717
273.050590
273.176825
273.400045
273.451088
273.620113
273.639796
273.911134
274.038435
274.145578
274.290499
274.349206
274.606054
274.856871
274.993719
275.017279
275.076531
275.298685
275.384354
275.497755
275.722018
275.812268
276.020748
276.129637
276.203900
276.385215
276.467619
276.471315
276.551701
276.731587
276.933946
277.205828
277.219433
277.255782
277.300816
277.559025
277.668662
277.678594
277.741134
277.761723
278.035034
278.201315
278.226531
278.476735
278.720884
278.765760
278.856145
278.995442
279.236916
279.397982
279.770045
279.790363
279.799252
279.972290
280.270227
280.321474
280.380023
280.508798
280.563469
280.658186
280.670748
280.999705
281.016893
281.032721
281.124762
281.261905
281.687868
281.841224
282.188413
282.198707
282.391451
282.432721
282.437029
282.449773
282.465556
282.567370
282.702177
282.713492
282.720590
282.889229
282.919864
283.019841
283.029728
283.161542
283.247438
283.260454
283.394399
283.418821
283.430204
283.465760
283.510340
283.518730
283.557302
283.608549
283.642132
283.743810
284.140023
284.249705
284.461406
284.563787
284.640295
284.840476
284.964399
284.979184
285.055918
285.433220
285.502880
285.635465
285.659977
285.668163
285.731701
285.907937
286.014218
286.090771
286.160363
286.164082
286.251111
286.259909
286.433537
286.477755
286.507188
286.596757
286.637370
286.679819
286.752426
286.794172
287.228277
287.383673
287.565578
287.625510
287.681497
287.847755
287.981020
288.087098
288.117551
288.216576
288.223016
288.244286
288.261882
288.375442
288.576281
288.906417
289.096077
289.204218
289.249501
289.315964
289.484603
289.514331
289.645556
289.725147
289.898345
290.038957
290.138186
290.243515
290.288390
290.386599
290.613605
290.653016
290.714444
290.824649
290.863673
291.064104
291.343220
291.358503
291.390884
291.400408
291.563878
291.660907
291.718095
291.875125
291.902290
292.090816
292.248367
292.646803
293.083515
293.230385
293.314490
293.449819
293.505850
293.762585
293.882381
294.009229
294.361565
294.374422
294.429433
294.562517
294.646939
294.841519
294.849025
294.856349
294.888503
294.894286
295.113810
295.165261
295.414717
295.544807
295.576644
295.616259
296.004150
296.085374
296.275805
296.376122
296.587551
296.671179
297.017642
297.116508
297.168889
297.281542
297.373379
297.479093
297.927029
298.283923
298.483107
298.817302
298.948730
299.517596
299.645147
299.665057
299.850431
299.950590
300.058844
300.081633
300.167937
300.237687
300.358866
300.370952
300.481179
300.579637
300.617800
300.652381
300.770431
300.945692
300.968322
301.019002
301.101859
301.268866
301.404399
301.428662
301.514036
301.562222
301.594195
301.666712
301.728549
301.886531
301.956961
302.056032
302.146916
302.193832
302.372494
302.401361
302.490249
302.557619
302.826327
302.891542
302.934671
302.975873
303.340544
303.538503
303.587664
303.761179
303.767687
304.012426
304.025125
304.271156
304.359116
304.392472
304.438707
304.634467
304.787098
304.999660
305.150023
305.218912
305.472063
305.551338
305.570249
305.775918
305.889977
306.148141
306.773492
306.833016
306.945351
307.237800
307.345624
307.444921
307.583152
308.227755
308.269478
308.394444
308.773923
309.340476
309.386372
309.456304
309.686372
309.773651
309.812494
309.823537
309.857460
309.863560
309.954694
310.021338
310.061587
310.351066
310.506644
310.533333
310.724444
310.798934
310.894989
311.111882
311.196916
311.336780
311.610159
311.740612
311.760454
311.787506
312.124943
312.254059
312.269433
312.583583
312.707528
312.810839
312.898821
312.980385
313.078209
313.134059
313.190317
313.207098
313.464331
313.582494
313.663991
313.807551
313.921950
313.965578
314.115805
314.168912
314.356168
314.394036
314.443107
314.461406
314.536893
314.766508
314.840612
314.860612
315.355465
315.381814
315.739592
315.770385
315.858685
315.947596
315.987868
316.173583
316.199773
316.278549
316.540930
316.635193
316.681020
316.813129
316.863810
317.059478
317.099229
317.183175
317.293855
317.516485
317.629592
317.684694
317.782585
317.826939
317.933810
317.990590
318.033220
318.057642
318.082880
318.213946
318.330590
318.351542
318.355079
318.372948
318.444558
318.777800
318.873787
319.153107
319.208345
319.506054
319.573152
319.595442
319.630794
319.799410
319.847823
319.934921
320.102472
320.144966
320.225215
320.381247
320.505964
320.611383
320.655193
320.794853
320.818005
320.885034
320.984694
321.273311
321.571338
321.592517
321.637392
321.646757
321.703492
321.923764
322.170771
322.176961
322.255306
322.506871
322.523175
322.569206
322.584354
322.850544
322.864354
322.951474
323.111882
323.118073
323.282585
323.420227
323.526440
323.584694
323.655034
323.820975
323.872676
324.081610
324.088458
324.137460
324.289660
324.464921
324.602766
324.616122
324.669410
324.715147
324.840385
324.954989
325.091927
325.110068
325.265034
325.695442
325.700454
325.778186
326.055283
326.178163
326.290317
326.364240
326.616508
326.661429
326.725692
326.869410
327.137370
327.237687
327.248163
327.500952
327.687619
327.722154
327.911814
327.948662
328.141565
328.165170
328.221156
328.402766
328.463379
328.569070
328.597778
328.642086
328.780431
328.854150
328.900907
329.130884
329.327778
329.429116
329.603741
329.769138
329.973039
329.984467
330.027823
330.042472
330.208912
330.234376
330.442676
330.508209
330.513311
330.582313
330.742177
330.819524
330.985828
330.997392
331.237642
331.302540
331.305374
331.448730
331.513696
331.676893
331.700249
331.840612
332.233946
332.293084
332.461088
332.525556
332.547075
332.554014
332.648435
333.012585
333.136984
333.372744
333.382857
333.577778
333.587143
333.596349
333.601179
333.692948
333.855170
333.895397
334.009660
334.029025
334.065918
334.155964
334.168322
334.315533
334.392404
334.536168
334.573537
334.630159
334.685351
334.790385
334.799977
334.833855
335.018481
335.218095
335.247664
335.301746
335.316236
335.336984
335.358844
335.407256
335.452744
335.713311
335.727188
336.003197
336.400227
336.512154
336.555850
336.604263
336.645896
336.698322
336.742789
336.834195
336.982132
336.985941
337.219297
337.353243
337.408821
337.594989
337.827052
337.836054
337.841610
337.936372
337.979864
338.281474
338.290317
338.454989
338.486281
338.597075
338.774467
338.786100
339.168549
339.260975
339.511633
339.665193
339.806485
339.844671
340.167347
340.187574
340.268345
340.309297
340.335692
340.387687
340.396689
340.408209
340.459320
340.474671
340.711088
340.832449
340.836712
