0.054580
0.142336
0.233333
0.605420
0.670975
0.871859
0.902222
0.987528
1.036712
1.049410
1.118866
1.159705
1.453605
1.485329
1.502268
1.528866
1.620136
1.868254
1.914422
1.963084
2.544898
2.678571
2.739206
2.876576
2.993878
3.140000
3.170930
3.412268
3.443197
3.723061
3.881247
3.933628
4.129116
4.156100
4.220159
4.269116
4.403379
4.455624
4.463991
4.482245
4.718073
4.747664
4.817211
4.990522
5.171066
5.177460
5.280136
5.356304
5.408821
5.506599
5.872449
5.931451
5.968957
6.053197
6.076939
6.259705
6.426553
6.471383
6.586599
6.604535
6.681315
6.728005
6.753129
6.780476
6.809342
6.952562
7.191179
7.262834
7.383605
7.456327
7.465941
7.531293
7.619501
7.775306
7.821270
7.937868
8.049864
8.062812
8.360113
8.396689
8.598889
8.701474
8.750771
8.768163
8.786576
8.877166
8.906757
9.143741
9.247778
9.342132
9.479456
9.544626
9.700952
9.782245
9.810272
9.818526
9.826780
9.844399
9.895011
9.980317
10.091701
10.102313
10.396803
10.430204
10.518549
10.578186
10.700204
10.742381
10.754898
10.827551
11.153152
11.334150
11.372857
11.483968
11.508073
11.517574
11.542630
11.572880
11.625193
11.702154
11.910930
11.967959
12.011156
12.023855
12.043696
12.077778
12.206984
12.267755
12.278526
12.319478
12.343946
12.453107
12.480000
12.622676
12.651429
12.890975
12.964467
13.096213
13.116508
13.162200
13.208503
13.249025
13.432200
13.603039
13.711542
13.731429
13.766145
13.828299
14.035238
14.085306
14.198005
14.418481
14.707438
14.815170
14.949909
15.053741
15.097347
15.212426
15.335238
15.517664
15.645170
16.038163
16.061156
16.118367
16.169546
16.443107
16.504308
16.520680
16.540952
17.241837
17.273968
17.364580
17.447438
17.473764
17.540748
18.048617
18.079342
18.213946
18.245941
18.380249
18.668571
18.696531
18.935828
19.123492
19.146372
19.249955
19.263741
19.274535
19.339615
19.391927
19.584467
19.746780
19.771610
19.828390
19.847868
19.981610
20.242585
20.341156
20.347483
20.547596
20.827710
21.070816
21.116508
21.157914
21.346100
21.387483
21.425442
21.478503
21.541587
21.578685
21.588685
21.735578
21.792653
21.842608
21.893810
22.036893
22.145737
22.331769
22.505125
22.747120
22.790385
22.866327
22.903061
22.909274
22.946825
22.980499
23.050794
23.115170
23.152358
23.193651
23.247347
23.552132
23.623946
23.869615
23.885215
24.058050
24.300930
24.393923
24.415533
24.636236
24.676621
24.687937
24.859705
25.056417
25.178821
25.668934
25.866122
25.997778
26.014898
26.025510
26.102154
26.113741
26.678753
26.733039
26.738141
27.184580
27.315896
27.333175
27.347052
27.552358
27.613311
27.789365
27.876508
27.994785
28.166644
28.246893
28.331451
28.605465
28.789955
28.954989
29.268685
29.576599
30.298367
30.315646
30.671247
30.762063
30.818322
30.967143
30.980839
31.362132
31.527959
31.600023
31.913719
31.995624
32.002948
32.135646
32.321973
32.404830
32.514422
32.540748
32.655420
32.880522
33.006077
33.092313
33.112449
33.204036
33.446054
33.653946
33.663288
33.832857
33.904739
33.936213
33.949048
33.966984
34.117982
34.345986
34.464626
34.525692
34.586803
35.009184
35.032676
35.040113
35.171406
35.224082
35.407007
35.640658
35.669637
35.735102
35.745737
35.888753
35.990385
36.005986
36.018118
36.036077
36.224059
36.244558
36.318503
36.362404
36.406032
36.422721
36.443787
36.527166
36.598299
36.643537
36.832653
36.882812
36.908844
36.978934
37.002449
37.020181
37.071315
37.079206
37.120612
37.339546
37.535624
37.664785
37.886032
38.025986
38.191088
38.284127
38.425760
38.475261
38.614671
38.643129
38.673401
38.868912
38.940680
38.970839
38.995351
39.109546
39.321497
39.370748
39.463515
39.525692
39.550635
39.743469
39.832222
40.071224
40.166508
40.310317
40.457415
40.540068
40.582971
40.649320
40.771270
40.926372
41.105828
41.159274
41.305578
41.354172
41.477256
41.507800
41.629410
41.667642
41.704785
41.730499
41.879161
41.984717
42.061315
42.161565
42.177687
42.335442
42.355918
42.369728
42.412041
42.433424
42.618073
42.800522
42.908639
42.927800
42.980227
43.033583
43.231451
43.413220
43.466395
43.539002
43.572948
43.599683
43.668980
43.708299
43.720454
43.989955
44.105714
44.226644
44.474807
44.529138
44.564898
44.873107
44.917098
45.042608
45.071927
45.086145
45.278005
45.470907
45.705805
45.731043
45.807778
45.926803
46.004875
46.082948
46.236939
46.252789
46.258957
46.374195
46.464875
46.474127
46.599524
46.667302
46.768662
46.788435
46.865238
46.878957
46.949229
46.959161
47.111814
47.152063
47.304127
47.314014
47.440249
47.465193
47.580930
47.811134
47.894853
47.924376
47.977710
48.013832
48.059637
48.442608
48.449297
48.470975
48.496100
48.540317
48.652404
48.760204
48.834150
49.041950
49.054014
49.145102
49.299206
49.477642
49.596032
49.626825
49.654059
49.709274
50.451293
50.582449
50.599048
50.618186
50.698639
50.778776
50.787846
50.877551
51.016190
51.079909
51.228118
51.235669
51.267007
51.378934
51.602063
51.637642
51.736621
51.998390
52.050567
52.280113
52.400816
52.431066
52.459274
52.536757
52.624694
52.892812
52.910794
53.359887
53.416644
53.565782
53.598435
53.604580
53.730816
53.875556
54.070204
54.103855
54.382245
54.525034
54.652721
54.703379
54.713288
54.837891
55.079909
55.212381
55.274875
55.376961
55.429546
55.468685
55.946100
56.019705
56.097007
56.113515
56.197052
56.398594
56.425669
56.476712
56.647937
56.680476
56.926100
57.049796
57.061315
57.362494
57.546803
57.759887
57.772698
57.807211
57.962653
57.991882
58.088980
58.107279
58.140295
58.220499
58.227324
58.449932
58.548277
58.585057
58.663333
58.748345
58.945215
58.963061
59.104603
59.368367
59.381814
59.501066
59.623787
59.640703
59.665079
59.759637
59.969819
60.203673
60.250204
60.266372
60.292336
60.475102
60.870884
60.933401
61.089615
61.175193
61.220748
61.284263
61.626735
61.833356
62.464172
62.488934
62.588753
62.927052
62.979274
62.997868
63.083492
63.141202
63.425918
63.467914
63.569751
63.722585
63.844966
64.147188
64.260794
64.424490
64.736259
64.762653
64.773311
64.794785
64.840998
64.856848
64.889274
65.140816
65.186848
65.200680
65.224603
65.341837
65.450431
65.675397
65.724830
65.892358
65.957392
66.136077
66.153197
66.227506
66.273810
66.454082
66.718390
66.770590
66.784082
66.791383
66.865873
66.987982
67.025102
67.077415
67.209909
67.238458
67.263129
67.381179
67.856735
67.957687
68.110839
68.155215
68.222086
68.251882
68.269410
68.511542
68.534580
68.583515
68.843923
68.871497
69.129932
69.270952
69.309410
69.368753
69.446916
69.566893
69.778934
69.856599
69.980499
70.217710
70.357642
70.467324
70.511383
70.532789
70.597029
70.612585
70.643764
71.013741
71.238980
71.383651
71.436984
71.574150
71.604286
71.690612
71.860884
71.962608
72.283197
72.394649
72.718163
72.905420
73.024898
73.123333
73.206100
73.218980
73.248866
73.340612
73.427619
73.537778
73.700544
73.761927
74.055306
74.172676
74.346395
74.503016
74.596531
74.723515
74.744240
74.757937
74.841179
74.904649
75.153651
75.214739
75.359683
75.591905
75.858866
75.925397
76.021020
76.049365
76.064422
76.142517
76.340998
76.387823
76.527302
76.550113
76.779819
76.918390
76.936893
76.992948
77.293991
77.524853
77.692290
77.970748
77.998390
78.099433
78.152245
78.237914
78.283741
78.340499
78.361519
78.369524
78.489728
79.030567
79.073515
79.137188
79.487302
79.497959
79.567415
79.581791
80.216417
80.364739
80.415737
80.450363
80.502630
80.587302
80.777710
80.861066
80.947687
81.053220
81.102744
81.134558
81.161587
81.261542
81.273492
81.537302
81.642041
81.733084
81.931247
82.312245
82.387687
82.487732
82.520635
82.618617
82.852381
82.886304
82.931610
82.957710
82.983288
83.003787
83.013175
83.050680
83.192245
83.285034
83.422971
83.538526
83.762313
83.998821
84.073333
84.110091
84.236667
84.592177
84.671814
84.699660
84.762404
84.814943
85.072268
85.113991
85.304989
85.460998
85.505011
85.640998
85.900385
85.915170
85.935986
86.057211
86.190159
86.364966
86.441247
86.468503
86.539388
86.902200
87.050522
87.144966
87.153628
87.164580
87.329048
87.420590
87.472404
87.503878
87.824853
88.275034
88.342245
88.348163
88.633900
88.696145
88.771361
88.915941
88.986939
89.264444
89.307846
89.383039
89.471723
89.670839
89.814694
89.886667
89.923696
90.186803
90.343288
90.782630
90.973605
91.020703
91.172200
91.211565
91.420975
91.475986
91.646213
91.663016
91.676463
91.896871
91.939751
92.014535
92.027710
92.355465
92.495283
92.525102
92.648934
92.683039
92.761678
93.195828
93.203197
93.322313
93.376349
93.389070
93.442653
93.634218
93.874535
94.016848
94.046553
94.072494
94.084059
94.159161
94.244467
94.613197
94.671066
95.036327
95.095238
95.201837
95.228231
95.272630
95.312404
95.420794
95.923129
95.990408
96.072630
96.080590
96.106145
96.475193
96.577506
96.998345
97.024104
97.321791
97.512630
97.725147
97.731610
97.790408
97.890249
97.895941
98.314422
98.349728
98.769546
98.831270
99.085147
99.170612
99.177302
99.322018
99.610385
99.727596
99.843741
99.868707
100.114966
100.259206
100.517052
100.555442
100.599456
100.750771
100.848458
100.858798
100.920431
100.941791
101.074649
101.355125
101.366100
101.550884
101.758753
101.797166
101.814966
101.823810
102.279728
102.433492
102.467392
102.559660
102.704127
102.861973
102.993197
103.036712
103.137868
103.217528
103.276576
103.370907
103.387120
103.528776
103.759365
104.204467
104.375873
104.528594
104.635442
104.864626
104.920023
104.930522
105.357438
105.480431
105.655442
105.717460
105.846871
106.175714
106.224649
106.250567
106.304059
106.365215
106.415442
106.445420
106.463605
106.671088
106.703288
106.712834
106.790816
106.860227
106.878821
106.884785
106.954172
106.961451
107.019184
107.088073
107.218594
107.273356
107.280771
107.290907
107.397868
107.427959
107.501723
107.540544
107.595737
107.880408
108.214104
108.360794
108.368730
108.608209
108.619864
108.959887
109.142336
109.195941
109.319093
109.419819
109.486145
109.498549
109.616735
109.895465
110.000454
110.274104
110.408435
110.501723
110.582585
110.618481
110.743878
110.808254
111.018481
111.041587
111.121633
111.399773
111.452630
111.817891
111.939048
112.009932
112.040907
112.187574
112.316893
112.403356
112.672789
112.841905
112.969660
112.993923
113.127619
113.550998
113.886417
114.079116
114.133515
114.170590
114.377460
114.515964
114.666508
115.100998
115.112585
115.251043
115.312812
115.441791
115.461587
115.482630
115.543129
115.737370
115.764875
115.861383
116.004807
116.231224
116.325556
116.415057
116.647302
116.845533
116.914331
117.094286
117.554966
117.583084
117.690771
117.910227
117.977982
117.997007
118.438163
118.646780
118.686213
118.765533
119.124762
119.187007
119.386145
119.602857
119.678299
119.714830
119.834943
119.941633
119.978866
120.148322
120.186825
120.361043
120.677642
121.056327
121.119229
121.232358
121.288549
121.343061
121.461565
121.687166
121.759524
121.884218
122.002925
122.021043
122.033673
122.318707
122.670522
122.755079
122.852381
122.878866
122.933515
123.045034
123.155374
123.178776
123.555760
123.652676
123.875374
124.202449
124.433764
124.445442
124.493107
124.584354
124.633787
124.854172
125.042222
125.155125
125.217732
125.257506
125.272721
125.522562
125.559365
125.687234
125.832540
125.945624
126.114830
126.136712
126.236735
126.260703
126.324966
126.450272
126.474195
126.565442
126.575057
126.691315
126.702562
126.713696
126.984807
127.004558
127.153379
127.192608
127.440023
127.481270
127.496712
127.507324
127.576168
127.657279
127.713061
127.798798
127.915986
127.966440
128.630998
128.680884
128.735102
128.833197
128.909524
128.917370
128.993583
129.069297
129.151791
129.167891
129.250204
129.379206
129.390000
129.912766
130.022472
130.048027
130.161859
130.227324
130.241859
130.266757
130.313855
130.457528
130.487664
130.616689
130.627098
130.657506
130.833764
130.922132
131.355238
132.228322
132.354240
132.499569
132.541655
132.561134
132.720522
132.734807
132.826440
132.939637
132.953673
133.078277
133.095850
133.257551
133.507324
133.647914
133.914943
133.933673
134.055147
134.067256
134.174921
134.247483
134.359070
134.381270
134.418889
134.556327
134.955420
135.093651
135.122177
135.279388
135.354943
135.416780
135.700385
135.820680
135.846372
136.075261
136.093016
136.128730
136.215442
136.403243
136.894263
136.950726
137.010703
137.168980
137.186304
137.235306
137.251723
137.522812
137.834512
137.931587
138.039138
138.460658
138.640703
138.675873
138.747302
138.951429
139.053039
139.080272
139.136508
139.228594
139.383107
139.409955
139.493447
139.863039
139.981088
139.989206
140.003696
140.106349
140.348934
140.354490
140.478912
140.531973
140.537392
140.746689
140.905011
141.068367
141.204082
141.430340
141.449569
141.564308
141.805034
142.034943
142.095306
142.265624
142.345420
142.352721
142.634762
142.851973
142.859592
143.126100
143.312857
143.375986
143.737347
144.065873
144.335442
144.459184
144.492585
144.583424
144.859569
145.090816
145.233810
145.282993
145.400363
145.585533
145.649819
145.827415
145.989569
146.020703
146.138073
146.239365
146.261315
146.469909
146.641837
146.707687
146.816372
146.881293
147.067075
147.160091
147.301723
147.675714
147.707279
147.724376
147.909841
148.064150
148.174422
148.196531
148.359410
148.551973
148.677302
148.854603
149.058050
149.081247
149.269546
149.358685
149.464966
149.550000
150.151791
150.240862
150.445465
150.508118
150.642517
150.745624
150.871746
150.923855
151.268844
151.304263
151.361224
151.400726
151.437166
151.771905
151.979977
152.053651
152.133719
152.145714
152.728231
152.815941
152.894059
153.133651
153.237347
153.529342
153.598730
153.810340
153.871156
154.138322
154.246190
154.516032
154.566281
154.746485
154.900227
155.538753
155.737029
156.025624
156.136145
156.175125
156.370317
156.469138
156.496803
156.537324
156.555669
156.971293
157.266803
157.476644
157.520952
157.543946
157.594989
157.616825
157.672041
157.807710
157.829660
157.973764
158.029116
158.042789
158.075714
158.104240
158.532381
158.595397
158.739751
158.789388
158.901723
158.983560
159.039365
159.054014
159.069615
159.116621
159.299524
159.369388
159.393016
159.443923
159.558798
159.577075
159.583379
159.640862
159.754331
159.810363
159.958776
160.075850
160.108141
160.130454
160.189683
160.588617
160.890930
160.900272
161.095760
161.296871
161.343265
161.353356
161.540522
161.577460
161.659456
161.666916
161.711814
161.718299
161.871791
161.954490
162.010590
162.160431
162.266168
162.408299
162.444195
162.703379
162.750771
162.918095
163.142925
163.298617
163.413878
163.437959
163.470680
163.563946
163.663424
163.827256
163.922721
164.006463
164.035918
164.047324
164.158639
164.216803
164.253356
164.318481
164.608798
164.712925
164.719864
164.810930
165.025873
165.090454
165.212562
165.300726
165.398821
165.462494
165.564762
165.572857
165.707324
165.821542
165.953333
166.154127
166.394739
166.420975
166.474014
166.571633
166.769161
166.798005
166.980000
167.041905
167.051723
167.103016
167.164308
167.269977
167.372109
167.511837
167.817007
167.845714
167.878390
167.943946
168.028571
168.283810
168.487143
168.629206
168.681179
168.818707
168.831678
168.959683
169.284943
169.367143
169.540975
169.758163
169.815420
169.902834
169.945079
170.057234
170.088163
170.268141
170.317324
170.387370
170.491610
170.698345
170.774512
170.812358
170.884717
170.921247
170.933719
171.010930
171.126508
171.214104
171.247642
171.368345
171.396304
171.485782
171.539342
171.554172
171.763946
171.806417
171.859660
171.942336
172.054036
172.100975
172.135193
172.473878
172.496803
172.619320
173.016576
173.117891
173.237959
173.362540
173.461723
173.513515
173.600884
173.627778
173.793333
173.896508
174.122245
174.136825
174.308617
174.361293
174.538617
174.641633
174.792041
174.843946
174.898526
175.008685
175.045918
175.101406
175.513560
175.626168
175.896916
175.973651
176.062540
176.127528
176.152336
176.793492
177.166621
177.240295
177.384263
177.631179
177.697937
177.993356
178.022540
178.176100
178.205057
178.256032
178.305306
178.332449
178.401293
178.486259
178.518957
178.560317
178.866621
178.908912
179.057687
179.635351
179.754830
179.879501
179.925941
179.955737
180.047120
180.153855
180.215918
180.274150
180.287143
180.560975
180.580612
180.722834
180.798118
180.932018
181.088821
181.127392
181.280363
181.320204
181.439796
181.550454
181.910567
181.947506
182.101859
182.117166
182.138435
182.151678
182.323741
182.378367
182.455510
182.600930
182.763197
182.799206
182.856848
182.936304
183.022766
183.054036
183.097732
183.631542
183.651338
183.708889
183.744943
183.942971
184.040385
184.083741
184.374739
184.536440
184.569093
184.736757
184.753288
184.830159
185.096803
185.301905
185.316621
185.348866
185.487506
185.521973
185.786327
185.852585
185.944603
186.126757
186.236145
186.308549
186.624626
186.725873
186.900816
186.912381
187.087732
187.234671
187.310385
187.615896
187.696168
187.756281
187.836417
187.862018
187.868435
187.880703
187.900249
188.043878
188.135079
188.207959
188.468027
188.644785
188.982902
189.049138
189.089615
189.265601
189.455420
189.467596
189.481814
189.599138
189.706417
189.780385
189.856372
189.919161
189.935646
189.980794
190.033084
190.216576
190.258027
190.268594
190.318458
190.355193
190.510045
190.640363
190.755737
190.783152
190.912494
191.066485
191.322268
191.354943
191.386916
191.462562
191.527052
191.630249
191.696440
191.892222
191.993084
192.476054
192.667642
192.713197
192.878934
192.909252
192.959796
193.225556
193.324966
193.368549
193.593469
193.625397
193.760476
193.961769
194.030816
194.195079
194.394014
194.427574
194.436327
194.462041
194.572812
194.640113
194.679093
194.826327
194.868980
194.936372
195.017937
195.045692
195.182109
195.236893
195.262948
195.671156
195.880454
195.912517
195.935102
196.027800
196.109751
196.257846
196.383333
196.404104
196.533084
196.680748
196.699660
196.782245
196.853946
197.046757
197.098186
197.152789
197.159841
197.185488
197.435351
197.506213
197.535193
197.605374
197.624127
197.754467
197.860975
198.104444
198.311315
198.342676
198.467710
198.666190
198.736281
198.797324
199.032698
199.062154
199.305510
199.435034
199.452789
199.796939
199.880952
199.911020
199.951088
200.019116
200.096757
200.396304
200.444490
200.748118
200.852336
201.033311
201.101882
201.225102
201.249660
201.272948
201.504535
201.714127
202.349388
202.358050
202.463968
202.711927
203.201973
203.209002
203.327007
203.409932
203.431315
203.439478
203.465420
203.502585
203.569501
203.605737
203.744490
203.890794
203.922426
203.944014
204.066939
204.084376
204.258662
204.271179
204.353152
204.539546
204.603923
204.637188
204.685306
204.732630
204.774921
204.833039
204.905760
204.956281
205.172608
205.334694
205.397800
205.423152
205.517687
205.664263
205.683923
205.820476
205.852313
206.138209
206.152608
206.437324
206.565510
206.723605
206.883560
206.932222
207.136893
207.179433
207.346054
207.356803
207.389751
207.497007
207.927415
208.093311
208.181270
208.366440
208.481020
208.489161
208.523810
208.563628
209.097370
209.337120
209.430771
209.570272
209.594807
209.741156
209.896803
210.536689
210.590000
210.649751
210.673968
210.724399
210.745147
210.756508
210.918277
211.189229
211.328435
211.578481
211.835805
211.924626
211.939615
212.119524
212.143288
212.351882
212.379025
212.431769
212.472517
212.745283
212.799864
212.877166
213.023016
213.330703
213.401134
213.510068
213.569796
213.737438
213.782177
213.821247
213.914739
214.060295
214.363175
214.442268
214.550522
214.568980
214.832472
214.868345
215.221020
215.259546
215.326190
215.359524
215.395261
215.421202
215.542540
215.580091
215.726463
215.758912
215.819002
216.149773
216.205170
216.567800
216.748345
216.787778
216.831293
217.050068
217.076599
217.250907
217.292245
217.311973
217.318095
217.344535
217.429615
217.655510
217.674286
217.789955
217.799478
217.812177
217.862358
217.893107
217.970499
218.020952
218.274467
218.422132
218.436553
218.709320
219.030272
219.101224
219.147664
219.196372
219.259637
219.685692
219.806054
220.072971
220.418481
220.468662
220.543311
220.586508
220.640748
220.891769
221.141066
221.226893
221.243673
221.299184
221.342404
221.435011
221.827959
221.956531
222.025238
222.077483
222.163787
222.256553
222.349615
222.436145
222.548571
222.561156
222.906576
223.404150
223.702630
223.771383
223.776961
223.799773
223.975283
224.056871
224.062812
224.076145
224.326032
224.391247
224.426825
224.459864
224.471338
224.784354
224.796236
224.902562
225.129751
225.177506
225.428912
225.451043
225.552109
225.908662
225.941202
225.990204
226.139365
226.284490
226.435964
226.479229
226.578503
226.705329
227.195351
227.236848
227.249977
227.408821
227.552766
227.574286
227.752245
227.803469
227.888549
227.904127
227.987234
228.098231
228.127868
228.148141
228.200023
228.475374
228.613175
228.773333
228.813719
228.912653
228.977710
229.223356
229.298277
229.346599
229.455465
229.506259
229.557143
229.840590
230.161633
230.239864
230.518163
230.665261
230.696803
230.713129
230.778345
231.068163
231.317846
231.643560
231.672698
232.295850
232.451905
232.493424
232.544240
232.719864
232.815578
232.978141
233.037710
233.225714
233.329841
233.388594
233.426757
234.086281
234.119206
234.423832
234.561587
234.649501
234.706803
234.714490
234.864875
235.043447
235.182698
235.239206
235.342313
235.564853
235.956735
236.180385
236.431814
236.519206
236.549229
236.558435
236.571338
236.749093
236.961905
237.089841
237.136984
237.246236
237.313469
237.387370
237.503946
237.522132
237.648753
237.851179
237.892698
237.987143
238.048390
238.076984
238.113424
238.152472
238.232063
238.278866
238.312630
238.344354
238.375941
238.665215
238.675533
238.823197
238.880317
239.170068
239.340635
239.389025
239.554127
239.563469
239.705556
239.819206
240.309116
240.447188
240.623719
240.664240
240.681633
241.031338
241.160363
241.321451
241.355510
241.379229
241.423628
241.578889
241.632857
241.690476
241.865850
242.331723
242.374807
242.380816
242.511723
242.588163
242.609070
242.769048
242.824308
242.898481
242.947392
243.181814
243.216485
243.365374
243.394649
243.571361
244.051905
244.170431
244.249569
244.441995
244.485170
244.496667
244.703628
244.729342
244.784218
245.106599
245.189592
245.425147
245.646349
245.721406
246.070862
246.173039
246.198186
246.333764
246.440658
246.532585
246.593605
246.704172
246.786667
247.304921
247.337029
247.357415
247.388277
247.492290
247.506440
247.693469
247.832517
247.905283
247.916576
247.936780
248.225850
248.269002
248.529342
248.631678
248.685397
248.703220
248.974649
249.101995
249.154240
249.161859
249.212245
249.306893
249.357937
249.605760
249.728390
249.890884
249.951701
250.082268
250.096531
250.156984
250.181791
250.317256
250.461837
250.528617
250.752608
251.144717
251.205918
251.304036
251.333129
251.373719
251.406349
251.453175
251.564014
251.616780
251.662336
251.721995
251.988526
252.020544
252.142902
252.165351
252.481927
252.523129
252.627664
252.744104
252.774717
252.804807
253.184762
253.228753
253.281655
253.311973
253.353379
253.555238
253.650181
253.765601
253.946644
254.115669
254.469773
254.580703
254.591610
254.620340
254.761701
254.782880
255.222766
255.382063
255.451043
255.603311
255.631270
255.719116
255.757619
255.839546
255.870975
255.955714
255.974739
256.135147
256.149320
256.245215
256.335420
256.531111
256.564875
256.779660
256.893787
257.062948
257.266825
257.340000
257.868798
258.180295
258.369365
258.408345
258.499887
258.515215
258.621134
258.812063
258.998957
259.045374
259.090068
259.126463
259.198458
259.283129
259.359388
259.453084
259.468844
259.594104
259.605510
259.771905
259.836803
259.950930
260.414172
260.440295
260.765102
261.165125
261.639138
261.663968
262.429637
262.622630
262.665329
262.711973
262.724014
262.837868
262.983719
263.005170
263.141995
263.243401
263.264240
263.314286
263.332449
263.363832
263.602222
263.656667
263.697302
263.824830
264.033651
264.079184
264.301134
264.349456
264.421361
264.493764
265.121723
265.132313
265.333311
265.443764
265.457982
266.000998
266.286939
266.355306
266.449637
266.558730
266.576916
266.590068
266.730045
266.794308
266.882472
267.270975
267.325034
267.560408
267.604127
267.612426
267.747574
268.018594
268.212404
268.236961
268.309184
268.389320
268.558005
268.689388
268.805646
269.032222
269.366667
269.442404
269.543288
269.568481
269.672789
270.103492
270.199887
270.215556
270.279569
270.322381
270.396100
270.404875
270.541791
270.641134
270.859388
270.928866
271.255465
271.268571
271.323878
271.380317
271.433492
271.603039
271.949977
272.005624
272.124150
272.280204
272.356599
272.435283
272.464127
272.628322
272.798889
273.330476
273.549977
273.751746
273.794490
273.865397
273.942063
273.973333
273.987642
274.019637
274.093923
274.114580
274.521837
274.543107
274.696531
274.858481
274.979728
275.042630
275.180340
275.203492
275.239977
275.453628
275.522517
275.889819
275.904444
276.025057
276.472948
276.755828
276.833243
276.862517
277.025601
277.052971
277.093061
277.230590
277.276599
277.594444
277.602630
277.609819
277.701111
277.747075
277.905737
277.937846
277.955193
278.147664
278.193946
278.250431
278.605193
278.690408
278.728231
278.847052
278.908571
279.071678
279.209864
279.434558
279.638073
279.769887
279.816349
280.002358
280.250612
280.295669
280.403379
280.525941
280.581905
280.620023
280.686984
280.715646
280.752200
280.831361
281.221655
281.249093
281.265238
281.341859
281.542245
282.015238
282.094399
282.170680
282.176689
282.197710
282.261519
282.322902
282.333492
282.439955
282.495125
282.595215
282.613379
282.648617
282.895533
282.937959
283.027120
283.112109
283.513039
283.859456
283.957143
284.050522
284.074240
284.124308
284.248753
284.353832
284.433878
284.639524
284.651610
285.295102
285.300476
285.550431
285.561519
285.624399
285.741814
285.785782
286.054422
286.136871
286.220068
286.518821
286.542041
286.758594
286.774082
286.945873
287.012517
287.181633
287.285873
287.365147
287.441791
287.520204
287.719887
287.826009
287.923311
287.964036
287.973855
288.004649
288.028571
288.112630
288.213855
288.448141
288.504853
288.596825
288.699728
288.789683
288.883107
288.901111
288.982086
289.118934
289.141497
289.189569
289.374785
289.690635
290.035420
290.153878
290.162517
290.423810
290.523605
290.650045
290.858866
290.908254
291.138685
291.211587
291.398934
291.524172
291.548571
291.711474
291.761565
291.771723
292.090998
292.122358
292.142200
292.222766
292.442744
292.588503
292.639433
292.652313
292.677438
292.712268
292.815805
292.972653
293.324853
293.397143
293.459751
293.507143
293.631338
293.778639
294.179705
294.310159
294.362358
294.406077
294.437732
294.640748
295.024830
295.169909
295.234921
295.247732
295.491837
295.515238
295.522336
295.707211
295.734127
295.819342
295.886304
296.009841
296.434989
296.704467
296.868957
296.878685
297.290340
297.316213
297.375692
297.429615
297.463379
297.794286
297.878481
297.965941
298.259365
298.282676
298.395102
298.746757
298.758458
298.777098
299.016871
299.085488
299.104989
299.247823
299.379683
299.394467
299.458118
299.539887
299.675215
300.032540
300.166803
300.335918
300.369569
300.479161
300.508322
300.525147
300.611224
300.709433
300.719615
300.731383
300.743946
300.996100
301.055034
301.083605
301.090204
301.176825
301.317846
301.335510
301.401043
301.458209
301.527664
301.653968
301.729070
301.950249
302.112177
302.233197
302.477710
302.632925
302.667483
302.799592
302.849909
303.081111
303.250975
303.320476
303.427755
303.462200
303.566190
303.840816
303.958844
304.052608
304.059751
304.283492
304.326712
304.369138
304.434172
304.460340
304.492676
304.784853
304.837914
304.946939
305.040091
305.065896
305.187619
305.267370
305.324853
305.374195
305.503107
305.531066
305.563673
305.577302
305.601995
305.840794
305.933923
305.975714
306.124376
306.224376
306.233311
306.430635
306.661610
306.715918
306.853492
