0.223129
0.246735
0.509274
0.594535
0.734989
0.770113
0.794671
0.828322
0.889002
0.964580
1.146780
1.357959
1.546009
1.637392
1.766077
1.818776
1.925125
2.125805
2.239365
2.455329
2.610930
2.626508
2.722880
2.978730
3.110567
3.300794
3.613560
3.725306
3.813152
3.855374
3.923333
4.282902
4.378367
4.383810
4.674467
4.896757
4.904649
5.052698
5.270363
5.372766
5.473560
5.684150
6.449955
6.458685
6.531859
6.730930
6.783129
6.873741
6.962562
6.965646
7.037528
7.084422
7.147664
7.179546
7.190091
7.213492
7.266939
7.380658
7.550884
7.680522
8.051655
8.082721
8.281247
8.472018
8.486213
8.752993
8.758299
8.805669
8.901995
9.139093
9.264354
9.328254
9.456689
9.475646
9.490612
9.657460
9.805918
9.859410
10.014467
10.023152
10.446236
10.715805
10.801066
10.809342
10.908934
10.945374
11.086599
11.519002
11.710952
11.769274
11.808073
11.871383
12.072744
12.142268
12.220249
12.288073
12.850408
13.041678
13.067778
13.198934
13.587392
13.882744
13.922948
13.941088
13.945465
14.003855
14.055896
14.132902
14.430839
14.487392
14.545760
14.662744
14.667687
14.720544
14.815306
14.877959
15.218005
15.284875
15.447234
15.522222
15.574898
15.665125
15.681927
15.780839
15.957166
16.014218
16.151837
16.261247
16.401950
16.452562
16.569751
16.696054
17.028005
17.169410
17.244853
17.251542
17.350000
17.356508
17.383673
17.568957
17.692766
17.734150
17.792766
17.810181
18.131542
18.169070
18.179342
18.205646
18.224399
18.243719
18.362063
18.670385
18.799841
18.884649
18.995692
19.083605
19.110499
19.608299
19.619524
19.744989
19.935782
19.949478
19.982608
20.087347
20.123220
20.426599
20.519048
20.791723
20.876190
21.436599
21.681905
21.697664
21.898821
21.939070
21.989887
22.109637
22.116236
22.131995
22.292857
22.297438
22.388322
22.488458
22.641610
22.682177
22.716757
22.892449
23.108027
23.140363
23.386077
23.524444
23.608594
23.713061
24.095646
24.467959
24.513515
24.523379
24.627483
24.680454
25.058118
25.135624
25.180476
25.192358
25.243855
25.311610
25.341156
25.521882
25.974626
26.185488
26.214717
26.391723
26.572336
26.721950
27.269955
27.302698
27.567483
27.603583
27.663673
27.683878
27.721247
27.750794
27.771973
27.968549
27.982472
28.065102
28.120998
28.147732
28.229161
28.531542
28.768345
29.077506
29.147279
29.367619
29.371701
29.422993
29.533152
29.565102
29.966122
30.241156
30.269252
30.287846
30.345034
30.400544
30.497075
30.612245
31.075646
31.122290
31.257959
31.367007
31.445261
31.541565
31.655215
31.981338
31.986032
32.065261
32.081020
32.136893
32.417778
32.579615
32.827007
32.948073
32.952086
33.138095
33.143537
33.609274
33.727029
34.138027
34.170816
34.438299
34.589977
34.709615
34.831882
34.924444
34.955624
34.991882
35.245533
35.309025
35.327052
35.330363
35.332041
35.444263
35.531519
35.549297
35.652268
35.687392
36.146599
36.270000
36.332766
36.391361
36.397029
36.421474
36.972902
36.986009
37.138005
37.320181
37.508821
37.540045
37.685397
37.819433
37.834921
37.851224
38.083719
38.221655
38.390023
38.518458
38.630567
38.892744
38.905646
38.960884
39.117755
39.141293
39.152177
39.289048
39.321111
39.445556
39.525624
39.663311
39.825737
40.024989
40.085488
40.131383
40.270045
40.468299
40.474626
40.529932
40.675918
41.042540
41.099932
41.117302
41.526871
41.575986
41.661338
41.676485
41.700703
41.790181
41.824853
41.830181
41.880476
41.998322
42.008912
42.061043
42.082517
42.192494
42.280771
42.308367
42.370952
42.392086
42.422902
42.496984
42.523288
42.632902
42.706327
42.806485
43.325374
43.365782
43.383560
43.457574
43.515760
43.530113
43.541202
43.559864
43.722744
43.869615
43.905941
44.134467
44.223107
44.285215
44.699297
44.794694
44.908571
45.086576
45.285283
45.305238
45.330000
45.387234
45.556916
45.660045
46.010431
46.096213
46.341587
46.454671
46.491542
46.565896
46.572109
46.602676
46.754649
46.772721
47.091224
47.585510
47.736939
48.048571
48.101723
48.322971
48.451088
48.460862
48.656621
48.790748
48.865669
48.877959
48.931610
48.974943
49.045488
49.128503
49.245986
49.264014
49.295283
50.010227
50.124580
50.333764
50.413764
50.420023
50.704422
50.747211
50.878141
51.029887
51.092358
51.105873
51.111406
51.297302
51.543379
51.552812
51.658254
51.736689
51.743311
51.806032
51.853855
51.924989
51.979297
52.041293
52.114785
52.217211
52.426145
52.467755
52.593628
52.757528
53.079342
53.103333
53.149093
53.583107
53.615510
53.663492
53.777846
53.899070
54.182857
54.192268
54.376485
54.412585
54.613628
54.920454
54.931020
54.940975
55.196372
55.416100
55.476440
55.585760
55.607778
55.811315
55.865896
55.885601
55.951497
56.065215
56.177642
56.259388
56.436417
56.462063
56.486236
56.656417
56.842812
56.920204
56.948277
57.260363
57.323084
57.519864
57.540136
57.605193
57.649841
57.792358
57.886168
57.921406
57.929478
57.950091
57.986803
58.946621
58.970794
59.035873
59.092857
59.190272
59.203333
59.229297
59.268617
59.285102
59.461361
59.650499
59.749796
59.840952
59.871315
59.956395
60.175624
60.183515
60.387891
60.591655
60.823107
60.960544
60.995465
61.176553
61.474286
61.628118
61.827120
61.851429
61.877755
61.895238
62.057370
62.090363
62.106984
62.227982
62.695374
62.720476
62.793492
62.901202
62.981247
63.180907
63.187415
63.370136
63.470726
63.492517
63.694331
63.790862
63.798594
63.823628
63.934535
63.981905
63.995351
64.227687
64.335782
64.355420
64.592063
64.601905
64.769864
64.926077
65.135941
65.302766
65.334603
65.350975
65.489070
65.540431
65.677234
65.976553
66.061043
66.066984
66.185760
66.205941
66.420680
66.499206
66.641882
66.938503
67.101791
67.135624
67.251315
67.286916
67.296032
67.304263
67.334444
67.364172
67.404150
67.472313
67.716372
67.767528
68.050839
68.386848
68.536825
68.598685
68.903401
68.949184
68.997959
69.093424
69.353764
69.631519
69.657120
69.663810
69.673878
70.090113
70.102608
70.321655
70.341202
70.424626
70.430204
70.435329
70.500862
70.527460
70.553401
70.574875
70.676576
70.699229
70.714195
70.718844
70.841066
70.874014
70.884467
70.977506
71.003787
71.110952
71.243537
71.277029
71.369955
71.373764
71.380884
71.412857
71.737506
71.904762
72.123197
72.292993
72.310680
72.435374
72.479138
72.493039
72.514921
72.711995
72.824966
72.853719
72.980385
73.003356
73.175828
73.182449
73.479388
74.258776
74.269683
74.335351
74.360930
74.561293
74.733447
74.822154
75.091655
75.239955
75.290204
75.316508
75.424082
75.542744
75.561043
75.609592
75.627370
75.640839
75.684830
75.887370
76.091610
76.159206
76.222993
76.249274
76.398889
76.583016
77.241950
77.382426
77.484218
77.489887
77.663447
77.805760
77.931542
78.082812
78.133107
78.168594
78.236259
78.270975
78.682562
78.772653
78.805125
78.820567
78.931587
79.250680
79.262109
79.407914
79.510952
79.594626
79.674240
79.989116
80.047982
80.083175
80.273107
80.347370
80.448685
80.452041
80.682698
80.881429
80.913469
80.935941
80.949184
81.003220
81.090952
81.199841
81.306531
81.331338
81.372608
81.398662
81.463220
81.483469
82.043061
82.082268
82.152472
82.189887
82.264172
82.474966
82.594898
82.687891
83.088118
83.244943
83.386100
83.574127
83.722608
83.866304
83.907959
83.980522
83.995102
84.037619
84.179229
84.338912
84.586417
84.598481
84.763583
84.945283
85.057370
85.094308
85.216372
85.588617
85.711270
85.730930
85.812925
86.102698
86.141769
86.420408
86.464467
86.513288
86.750000
86.978390
86.999887
87.101587
87.209819
87.271950
87.277392
87.325601
87.397438
87.677052
87.700363
87.736961
87.792789
87.875782
87.882132
88.200884
88.734853
88.819093
89.053288
89.068458
89.121338
89.152993
89.431973
89.481270
89.605669
89.651111
89.726236
89.770839
89.877324
90.112744
90.122336
90.199524
90.524853
90.571293
90.620635
90.706939
90.919410
91.039864
91.220227
91.245601
91.253651
91.270658
91.280680
91.323061
91.649478
91.981950
92.183356
92.252336
92.416485
92.533764
92.696485
92.706349
92.817052
92.940726
93.123243
93.193537
93.283333
93.334172
93.392086
93.730680
93.763991
93.780181
94.159887
94.178299
94.218095
94.408073
94.479977
94.623039
94.654966
94.659252
94.670907
94.733333
94.740385
94.972381
94.989161
95.127120
95.232948
95.290204
95.341950
95.414127
95.478571
95.656372
95.865556
95.880907
95.995986
96.040771
96.617007
96.892698
97.113265
97.261859
97.281678
97.765873
97.770000
97.917279
97.946032
97.966054
97.994150
98.125465
98.257551
98.551655
98.721088
98.770680
99.139116
99.224966
99.236621
99.388707
99.720907
99.783492
99.855238
100.157914
100.316848
100.420703
100.470567
100.533764
100.735850
100.906054
100.920771
101.019048
101.160340
101.267029
101.280726
101.311429
101.436961
101.449297
101.504036
101.532948
101.622086
101.640771
101.742177
101.790000
101.862404
101.887551
101.948209
102.120204
102.476168
102.727506
103.401179
103.526349
103.580204
103.604694
103.623878
103.672857
103.695011
103.699977
103.710862
103.784308
104.073084
104.115170
104.169501
104.207710
104.390522
104.421610
104.594150
104.619660
104.659161
104.852268
105.152268
105.278866
105.287460
105.441723
105.582925
105.673084
105.761542
105.892472
105.940703
106.108073
106.125102
106.183039
106.255896
106.269773
106.336939
106.553968
106.613243
106.647574
106.853878
106.931247
106.964422
107.048367
107.072018
107.145964
107.370612
107.500045
107.507234
107.519524
107.729501
107.812358
107.825374
107.877868
107.908866
107.982902
108.057302
108.148730
108.265329
108.301610
108.419683
108.692200
108.717211
108.867596
109.011837
109.241678
109.261293
109.407370
109.547710
109.626803
109.872721
109.933492
110.081179
110.213696
110.553039
110.674376
110.741519
110.913810
110.998435
111.048073
111.056463
111.188027
111.236984
111.294762
111.347664
111.424558
111.485397
111.593719
111.822585
112.071905
112.125034
112.165215
112.245737
112.272268
112.426032
112.536621
112.821837
112.946531
113.010113
113.187098
113.379932
113.563583
113.588322
113.696236
113.741882
113.837710
113.941633
114.221610
114.314036
114.320839
114.437324
114.566349
114.580317
114.595805
114.762585
114.808798
114.922177
114.982698
115.001587
115.048549
115.214286
115.254580
115.288367
115.511814
115.585510
115.628095
115.668277
115.787755
115.814853
115.951338
116.007755
116.137392
116.153197
116.178413
116.346236
116.363810
116.482540
116.529864
116.568526
116.589252
116.643220
117.199478
117.263220
117.768844
117.822426
117.925578
117.964218
118.144807
118.263651
118.360181
118.428526
118.538980
118.608503
118.931927
119.016712
119.162472
119.328073
119.443515
119.529342
119.554603
119.674150
119.686848
119.812630
119.909819
119.920113
119.949161
120.042562
120.091587
120.129660
120.499048
120.647143
120.751247
120.856780
120.862426
120.950748
121.424376
121.503583
121.514286
121.617664
121.718912
121.735374
121.889887
121.930227
121.970907
122.026417
122.038844
122.311995
122.557302
122.615624
122.735714
122.881270
122.980159
123.004898
123.175873
123.409637
123.474875
123.699501
123.849932
124.074580
124.157687
124.240726
124.307619
124.557256
124.793039
124.816531
124.875510
125.098549
125.112766
125.205125
125.222358
125.260567
125.344059
125.586259
125.675533
125.730159
125.798095
125.862744
125.936032
126.100363
126.139887
126.155011
126.305351
126.666213
126.758118
126.845578
126.876780
126.927664
126.943129
126.954263
127.224218
127.312971
127.362290
127.474376
127.591315
127.808571
128.052653
128.274263
128.322971
128.346621
128.443039
128.468730
128.917574
128.961020
129.113243
129.198753
129.378526
129.530045
129.544921
129.666440
129.721701
130.528458
130.710181
130.729819
130.970159
131.094467
131.162948
131.201406
131.211769
131.266190
131.291383
131.328073
131.375828
131.501791
131.943855
132.004286
132.042698
132.081293
132.202494
132.267007
132.438299
132.467029
132.627596
132.728571
133.043741
133.289297
133.353991
133.409546
133.461043
133.473923
133.524558
133.729660
133.772744
133.794399
134.079773
134.133424
134.369002
134.412381
134.687007
135.061859
135.103810
135.134853
135.202381
135.300227
135.325079
135.432630
135.629751
135.637302
135.652902
135.755624
135.760408
135.805760
135.821519
136.206621
136.211859
136.257029
136.563560
136.695420
136.961361
136.988776
137.208435
137.290748
137.376803
137.430045
137.443651
137.689909
137.695193
138.046576
138.280499
138.375488
138.547846
138.634739
138.765215
138.781043
138.788549
138.826100
138.890930
138.902336
139.523107
139.601406
139.689637
139.705964
139.722154
140.096735
140.132449
140.291429
140.336349
140.347664
140.391224
140.458277
140.509887
140.697279
140.765918
140.778776
140.875964
140.885601
140.965510
141.113515
141.126485
141.131474
141.160091
141.213900
141.372041
141.420499
141.449773
141.494762
141.613605
141.700499
141.777528
141.803764
141.997392
142.088005
142.166054
142.173447
142.278005
142.289002
142.776939
142.857800
142.892245
142.938798
143.195079
143.212154
143.332381
143.716712
143.750385
143.901315
143.952630
143.981179
144.064036
144.074444
144.136712
144.249048
144.485760
144.539728
144.691066
144.742834
144.835669
145.024127
145.057392
145.075669
145.129229
145.169116
145.374399
145.402721
145.407302
145.619048
145.686213
145.836100
145.906122
145.974603
146.013333
146.397052
146.538889
146.578707
146.892041
146.925896
147.089433
147.254172
147.266349
147.308912
147.336485
147.433356
147.466576
147.513084
147.937120
148.066667
148.286916
148.358141
148.369773
148.581565
148.684059
148.812676
148.816281
148.864195
149.057347
149.086735
149.538957
149.606463
149.877370
149.915850
149.992494
150.024422
150.082857
150.108413
150.194943
150.226145
150.396259
150.440045
150.747256
150.784422
150.980068
151.053651
151.150544
151.192426
151.868299
151.894875
151.900816
152.170703
152.227959
152.289546
152.320748
152.329048
152.425057
152.453424
152.499184
152.551361
152.735170
152.979524
153.094512
153.177098
153.308844
153.565941
153.623764
153.763039
153.880544
154.002086
154.073900
154.128617
154.222789
154.296780
154.390794
154.638231
154.751633
155.102789
155.286644
155.335714
155.356553
155.364535
155.386848
155.395918
155.411156
155.445488
155.494966
155.547959
155.605442
155.875306
155.965329
156.182268
156.299751
156.323084
156.400771
156.494240
156.676508
156.791474
156.848912
157.266077
157.298912
157.417324
157.736803
157.953741
158.040590
158.158141
158.274535
158.308639
158.522132
158.628073
158.641655
158.718662
158.832154
158.982993
159.180839
159.422177
159.448662
159.608730
160.033764
160.192245
160.484853
160.572608
160.624150
160.661565
160.818526
160.979751
161.140567
161.166712
161.204626
161.209705
161.294240
161.348571
161.376259
161.555873
161.623651
161.956644
162.017664
162.070023
162.638526
162.664512
162.874308
162.885125
162.980431
163.000590
163.085510
163.137710
163.313129
163.323243
163.477370
163.539342
163.565125
163.618776
163.741202
163.808912
163.862494
164.001565
164.194739
164.261723
164.482109
164.503832
164.538481
164.622540
164.944558
165.178413
165.319388
165.448685
165.502676
165.673628
165.763537
165.838027
166.096984
166.125057
166.328027
166.357619
166.377778
166.635556
166.727188
166.905306
166.919705
167.060748
167.180544
167.376032
167.469161
167.526168
167.790726
168.005057
168.070181
168.221247
168.291542
168.502585
168.532132
168.557188
168.691814
168.741156
168.822268
169.314875
169.451973
169.461905
169.468254
169.479410
169.675170
169.818005
169.880612
169.901451
170.087483
170.289320
170.349274
170.367528
170.473628
170.489887
170.622540
170.638413
170.949773
171.043311
171.176848
171.381406
171.440862
171.458526
171.567098
171.586168
171.595964
171.701361
171.730113
171.807143
171.817234
171.980522
172.452154
172.485215
172.578617
172.610045
172.657098
172.678367
172.748844
172.850227
173.023900
173.228957
173.238367
173.371791
173.377392
173.465556
173.503220
174.295805
174.337846
174.561088
174.565510
174.618118
174.808707
175.017846
175.046644
175.073265
175.188277
175.402086
175.420159
175.430340
175.639977
175.967755
176.036009
176.181497
176.186440
176.283537
176.336145
176.388753
176.410249
176.415079
176.477029
176.541156
176.547891
176.736168
177.055102
177.156531
177.338390
177.389841
177.418594
177.427732
177.660363
177.673107
177.684580
177.723537
177.842698
177.884649
178.060385
178.171587
178.230499
178.257052
178.447823
178.459138
178.527506
178.569524
178.647755
178.686689
179.119637
179.283243
179.345283
179.480771
180.138005
180.152426
180.222540
180.260771
180.351406
180.571156
180.756984
180.803810
180.846735
180.989592
181.019955
181.037732
181.092948
181.204921
181.405556
181.486213
181.836961
182.022154
182.056485
182.415147
182.426803
182.443152
182.502449
182.550862
182.626304
182.733741
182.786440
183.092381
183.134014
183.201020
183.312336
183.393583
183.453810
183.471088
183.755351
183.841224
183.852585
183.891338
184.014059
184.147256
184.342971
184.422948
184.600249
185.061655
185.179433
185.289456
185.466009
185.560159
185.619932
185.651134
185.710227
185.734422
185.829478
185.971474
186.007846
186.071202
186.215760
186.279955
186.337188
186.389478
186.400476
186.473810
186.573243
186.604535
186.774218
187.109569
187.367075
187.569116
187.795374
187.936236
188.041111
188.045283
188.118073
188.224467
188.261451
188.348594
188.613061
188.821361
189.358957
189.519206
189.721020
189.832540
189.938322
190.003469
190.039501
190.091361
190.099841
190.103946
190.172086
190.176463
190.636984
190.660113
190.999887
191.049070
191.071859
191.269342
191.278685
191.446213
191.565215
191.593787
191.609365
191.623719
191.738231
192.033379
192.039342
192.080136
192.131406
192.515578
192.587528
192.602336
192.823651
192.896667
192.983175
192.993061
193.226327
193.772948
193.984943
194.191134
194.216508
194.422041
194.438413
194.511723
194.733401
194.864671
194.972834
195.002517
195.039342
195.073968
195.097596
195.303605
195.407460
195.656757
196.409161
196.588798
196.653537
196.670363
196.682812
196.701338
196.768299
196.877732
197.155034
197.170136
197.215624
197.361429
197.368231
197.551633
198.115170
198.280023
198.330385
198.371474
198.528141
198.613152
198.644150
198.788980
198.993696
199.028844
199.246077
199.307120
199.443175
199.636236
199.937370
200.051429
200.066077
200.157029
200.193197
200.409388
200.649161
200.657710
201.201451
201.389887
201.447120
201.740454
201.843129
202.198571
202.490726
202.538027
202.718753
202.725170
202.765420
202.929048
203.233424
203.372245
203.595488
203.650408
203.790952
203.803628
204.157143
204.261837
204.271020
204.309569
204.426599
204.444127
204.513537
204.530499
204.657800
204.848526
204.913787
204.994694
205.019501
205.296780
205.486485
205.522336
205.576848
205.863424
205.978413
206.137574
206.280363
206.527937
206.533333
206.872426
207.141746
207.446304
207.500816
207.561156
207.593560
207.606213
207.674966
207.750952
207.918231
207.952789
208.145760
208.293356
208.357392
208.494467
208.507120
208.543039
208.575850
208.605964
208.760590
208.889433
208.998254
209.037506
209.044853
209.163968
209.228073
209.528231
209.543537
209.639660
209.935193
209.957098
209.982404
210.054785
210.139683
210.199683
210.264943
210.608367
210.754195
210.815986
210.937574
211.009320
211.023061
211.028186
211.143356
211.161179
211.521678
211.614603
211.798435
211.818866
211.836304
211.860023
211.909478
212.055283
212.235011
212.361973
212.947687
212.961066
213.110839
213.206848
213.287075
213.439796
213.550499
213.641202
213.735306
213.863016
213.935193
214.081995
214.111655
214.343855
214.355193
214.544150
214.681202
214.694694
214.790363
215.051882
215.140726
215.175170
215.250000
215.343878
215.512222
215.599773
215.692880
215.761406
215.811224
215.878435
216.025692
216.072404
216.224150
216.545941
216.549683
216.970181
217.093923
217.221746
217.303379
218.012766
218.036689
218.190181
218.218005
218.325986
218.481519
218.566349
218.617302
218.666190
218.681020
218.760816
219.207166
219.291429
219.387211
219.590317
219.607551
219.930454
219.970794
220.216667
220.248707
220.274467
220.675215
220.689864
220.968186
221.013288
221.224218
221.319456
221.693537
221.763447
221.821429
221.857868
221.923424
221.951111
222.138526
222.146893
222.338277
222.422222
222.438934
222.542653
222.886893
222.978662
223.319546
223.429342
223.472540
223.577664
223.665125
223.697234
223.929365
223.971020
224.039637
224.062971
224.067664
224.168458
224.403401
224.644444
225.000635
225.149569
225.193605
225.202336
225.337052
225.349637
225.400023
225.407438
225.573175
225.772404
225.823855
226.081202
226.085669
226.217664
226.395578
226.539274
226.717052
226.884014
227.045215
227.051451
227.412585
227.484308
227.495397
227.563537
227.592290
227.620930
227.674921
227.686508
227.942925
228.062109
228.224943
228.271497
228.599773
228.661474
228.766281
228.980045
229.137868
229.259274
229.264014
229.449070
229.619773
229.764785
229.978821
230.025646
230.030000
230.172222
230.198322
230.259184
230.822336
230.899637
230.981927
231.211066
231.288503
231.410748
231.669116
231.919864
232.079660
232.249206
232.456531
232.653878
232.686735
232.691905
232.741043
232.864785
232.915170
233.067664
233.187324
233.292880
233.635782
233.650952
233.656599
233.780045
233.792698
233.806553
233.982585
234.362721
234.482177
234.486984
234.666531
234.890862
234.894853
234.963016
235.390476
235.440658
235.519297
235.546667
235.720227
235.849773
235.860385
235.958912
235.981406
236.027937
236.073107
236.120567
236.246213
236.267596
236.271905
236.734558
237.119093
237.159615
237.204943
237.291066
237.304399
237.391746
237.467642
237.737642
237.764966
237.789070
237.803515
238.073832
238.151497
238.255964
238.489342
238.839048
239.104036
239.336327
239.422971
239.554649
239.748776
239.856213
239.893583
240.006349
240.081224
240.290476
240.371361
240.524467
240.579070
240.673039
240.739229
240.754739
240.964603
240.997143
241.040091
241.091179
241.407528
241.427370
241.562925
241.775850
241.883243
242.096531
242.205646
242.253197
242.441814
242.555646
242.566848
242.592608
242.787279
243.060454
243.145011
243.180136
243.296757
243.377687
243.811791
243.927324
244.128390
244.222177
244.312018
244.316417
244.571066
244.673741
244.895488
244.922494
244.940612
244.947800
245.025986
245.145624
245.152313
245.173741
245.179070
245.200408
245.210748
245.333719
245.371270
245.539478
245.555465
245.647823
245.867687
245.938027
246.043288
246.085306
246.089388
246.386576
246.599683
246.670499
246.720272
246.992517
247.030227
247.086349
247.096621
247.139093
247.335714
247.420295
247.564966
247.825714
247.842562
247.856122
247.889569
247.931633
248.053492
248.110680
248.170975
248.348798
248.464059
248.593946
248.879161
249.083628
249.308050
249.312245
249.327166
249.379615
249.389887
249.562812
249.669546
249.680930
249.868118
250.065669
250.137438
250.182290
250.301497
250.333560
250.369456
250.415624
250.422925
250.593401
250.668776
250.687846
251.283401
251.300454
251.453515
251.547279
251.678866
251.701859
251.741361
251.783333
251.874558
252.175397
252.295918
252.315442
252.378209
252.455510
252.559955
252.600862
252.652177
252.655669
252.665170
252.781769
252.801293
253.246054
253.258209
253.525147
253.670385
253.720227
253.783628
253.833084
254.367052
254.485601
254.553878
254.628390
254.671905
254.735465
254.855510
255.044603
255.291587
255.398776
255.451905
255.711383
255.804943
256.066395
256.180975
256.307755
256.337211
256.695918
256.923946
257.004649
257.032608
257.052562
257.156531
257.231859
257.279025
257.355669
257.671973
257.747347
257.965397
258.070816
258.115714
258.260295
258.278866
258.307143
258.443311
258.546599
258.869478
258.993537
259.015918
259.348662
259.483061
259.528798
259.560068
260.223515
260.592381
260.616644
260.642177
260.684649
261.111995
261.176077
261.257007
261.363084
261.849433
261.872472
262.109887
262.442562
262.645261
262.839705
262.857075
263.112880
263.158163
263.224717
263.230476
263.496780
263.573991
263.598413
263.821247
263.864785
263.875465
264.039161
264.056485
264.188141
264.239796
264.263243
264.291973
264.420658
264.437279
264.478526
264.516168
264.562109
264.650499
264.703560
264.787392
264.805760
265.009025
265.092200
265.444286
265.569320
265.586009
265.734762
266.259320
266.288526
266.526599
266.533401
266.704172
266.717596
266.722245
266.812834
266.829524
266.835442
266.889932
266.949116
267.261088
267.425805
267.843243
268.052721
268.225329
268.260975
268.316825
268.557234
268.564422
268.729184
269.055170
269.218980
269.336848
269.619478
269.747075
269.776644
269.835125
269.904059
270.027642
270.039274
270.102698
270.109161
270.201043
270.404626
270.452925
270.497075
270.787052
271.101542
271.153719
271.227302
271.295873
271.404830
271.526100
271.586599
271.617234
271.645215
272.006236
272.369955
272.399478
272.483583
272.556621
272.974830
273.308934
273.344830
273.419070
273.461247
273.539751
273.600068
273.667075
273.704082
273.889025
274.034127
274.041769
274.403946
274.515034
274.520703
274.618957
274.695737
274.836122
274.862336
274.928912
274.940499
274.945261
275.018050
275.168821
275.196825
275.299297
275.303492
275.334626
275.438209
275.572449
275.684989
275.787415
275.844172
276.082721
276.381224
276.385828
276.414376
276.528889
276.719546
276.813605
277.314785
277.330408
277.336508
277.363810
277.448934
277.565306
277.802676
277.816213
277.867959
278.041474
278.113583
278.238254
278.244376
278.354286
278.480249
278.663560
278.829977
279.004512
279.160000
279.191361
279.233628
279.247415
279.344399
280.103991
280.383311
280.522018
280.821519
280.856984
281.147574
281.161633
281.179751
281.331565
281.551723
281.658345
281.683379
281.690907
281.814875
281.938277
282.043673
282.126100
282.154898
282.319206
282.421859
282.451973
282.503084
282.558707
282.654286
282.963628
282.995147
283.395941
283.461565
283.476236
283.518481
283.587392
283.768866
284.025578
284.366054
284.375420
284.396100
284.700385
284.726145
284.927120
284.980136
285.003741
285.172993
285.207596
285.351565
285.395306
285.481224
285.517120
286.222880
286.275420
286.324104
286.395057
286.434921
286.547528
286.592766
286.618776
286.865442
286.931451
286.936531
286.983107
287.098798
287.428390
287.593946
287.826395
287.901224
287.922132
287.933968
288.051179
288.821156
289.130998
289.251791
289.444376
289.493220
289.505397
289.514898
289.712993
289.752177
290.154512
290.166122
290.210317
290.271746
290.361474
290.807574
290.849478
290.888685
290.894444
290.980975
291.190680
291.197120
291.343175
291.355624
291.363537
291.563379
291.695646
291.806916
292.261270
292.435578
292.523152
292.633946
292.647052
292.774649
292.997914
293.130385
293.247415
293.843787
293.962132
294.064354
294.136644
294.196168
294.382562
294.515533
294.859705
295.033968
295.068118
295.102971
295.172993
295.305193
295.328027
295.645261
296.158912
296.316417
296.414762
296.418980
296.431950
296.541995
296.810952
296.956803
296.997075
297.075760
297.180363
297.410023
297.510590
297.614694
298.021020
298.025556
298.205556
298.453787
298.663946
298.759274
298.861905
298.922358
298.999410
299.154535
299.284943
299.442018
299.566553
299.573129
299.613741
299.960952
300.160317
300.176508
300.249592
300.275850
300.398367
300.543787
300.640816
300.666599
300.798912
300.911655
301.092925
301.130385
301.166259
301.288957
301.492880
301.530227
301.615669
301.682676
301.829615
301.903855
302.008730
302.087483
302.101973
302.166825
302.440363
302.471247
302.486168
302.611701
302.699433
302.735034
302.966621
303.039184
303.048798
303.229615
303.358503
303.373719
303.399070
303.453424
303.938980
303.968345
304.026145
304.102789
304.122517
304.130839
304.155737
304.170476
304.294308
304.537755
